2438
2450
2052
2188
1569
2528
827
715
2013
2411
2473
1522
1702
480
2031
996
1913
2145
1383
1585
767
824
797
607
821
117
89
793
155
1954
1592
975
1278
87
1035
788
2148
1433
600
2471
886
1634
15
1182
2098
2210
1834
1289
1269
466
2459
740
1744
171
2529
2187
698
2501
346
899
1654
803
333
409
78
1584
376
1337
874
365
2149
2398
1294
1562
2451
1605
919
564
451
815
1319
352
743
110
1376
869
695
1167
725
2115
879
1295
1149
2129
348
1081
672
1447
2034
674
568
1895
2171
2508
2417
300
853
1330
2165
2344
391
2423
2261
382
1972
1888
2133
2370
2039
1352
1540
2208
2307
1529
1730
432
148
983
1631
1577
477
1597
2164
553
572
962
867
1974
513
76
60
2042
1083
2138
260
932
1692
1760
1254
1224
965
883
1004
175
1104
304
1074
702
1973
1788
1833
367
147
1123
687
1940
205
1277
1666
1985
559
498
1261
2016
542
1423
1360
1258
888
763
707
885
708
2468
1266
2220
1260
132
1745
2197
2524
958
1308
124
533
1388
23
2443
1787
652
955
320
1899
1446
456
1789
722
1659
924
938
2168
1771
1795
1679
2367
1893
1594
1858
2525
2081
1946
2155
288
1649
1090
2003
1339
1897
1180
503
1177
1473
2033
109
608
2283
2424
1307
1084
1836
2388
804
1725
1340
2143
2478
1306
1408
322
2062
508
1427
1422
646
1722
2219
1301
383
684
413
1221
1024
726
2274
851
151
1758
531
1697
1466
1752
1223
1775
2228
2163
2306
2223
1805
1718
949
1412
1908
2348
203
425
1837
1343
1010
255
1013
2496
2102
395
2251
2327
945
1468
32
693
2296
1213
950
654
555
931
112
1689
632
465
1769
716
1491
2266
1065
1292
2328
144
419
1240
368
781
636
724
2263
1682
474
1857
1060
1519
1890
2104
1825
236
1178
2002
1864
2375
593
2106
1517
1274
2018
1405
2230
1070
968
1740
1575
1544
2299
516
1392
847
1413
1802
370
1131
1806
152
1699
1457
773
691
1652
455
1956
772
624
1321
730
1670
1563
374
2352
1814
1673
782
280
1190
2399
68
1087
357
1323
948
1166
828
1331
481
1420
551
2412
2257
1799
1803
83
460
1256
61
520
761
345
1860
410
850
1430
2458
2014
2502
1281
1630
565
483
1859
2227
339
1855
1807
286
872
1507
658
1219
1598
1854
1538
2360
1781
1089
488
2175
500
692
2184
2477
1407
1429
478
922
1523
1184
2238
1661
1174
1329
538
612
2276
298
2305
1690
0
1693
1818
1000
1040
1543
1503
1905
1028
892
1165
2024
1734
1018
2005
2047
1796
852
140
72
2118
523
2177
424
1121
2142
2217
221
1237
1325
1968
2387
30
1656
2093
562
169
752
1106
1346
504
971
1570
1375
218
2207
964
406
137
2109
1222
1127
48
2111
1853
1335
611
1743
2403
907
2091
2213
1875
1822
2415
417
1764
2055
458
121
1014
2364
1551
88
2481
4
1093
1939
403
2531
1012
1459
1678
1933
727
1595
2511
1041
1648
273
1728
2322
511
1920
1215
1776
2432
2469
51
703
1317
126
2218
831
664
2044
1989
1539
527
1168
475
1097
36
544
1398
1647
1790
1365
660
1862
337
2201
1916
263
1891
43
1494
2456
723
185
1735
978
1404
843
2302
1400
1929
440
939
842
217
214
1364
623
1555
777
2334
570
2509
805
1197
467
375
2078
1599
190
1155
198
1076
808
2079
219
1645
2235
1119
961
2196
1671
267
2385
509
591
1606
495
1368
321
2472
2236
604
1130
2265
534
2237
1077
1642
588
1720
2453
833
1957
1385
1341
683
1958
2247
2407
696
2452
2314
1530
2419
2180
616
1164
1271
1001
194
1828
2447
974
468
794
2362
639
18
2410
2032
427
379
1815
2060
720
578
1500
2506
1263
1619
655
731
388
1826
1708
2273
522
615
819
583
1724
526
1436
1410
459
1247
560
2440
1334
1372
1950
350
574
1208
173
529
1161
242
1016
2200
462
742
281
1943
552
775
1496
2053
1565
787
1873
1320
1959
1393
1424
289
539
1800
29
694
1841
1574
2354
848
1344
618
670
1251
445
719
1132
502
285
105
82
282
2037
1020
1210
167
1048
592
1951
1303
1988
2170
2015
136
2124
2280
149
404
99
759
521
186
1487
1492
1982
2123
532
598
146
1614
2475
982
2409
1900
678
900
1871
1233
2295
1463
1638
1472
2256
595
206
1226
2492
1820
1488
224
1009
1756
1533
1784
362
1425
11
1153
839
1212
283
17
230
737
1501
2051
1021
779
666
1036
714
2325
1885
75
292
1922
258
54
2028
134
1518
247
1374
1786
44
1681
1981
957
2504
213
1867
1880
323
537
1136
1498
313
2287
220
472
366
1831
2054
846
135
2418
573
581
845
461
1101
952
701
125
416
8
1006
2485
1245
1738
1513
41
2255
373
444
53
107
7
118
2135
2441
2474
2000
2303
1582
1253
1506
2116
2514
1524
2515
2241
1970
1356
807
1403
541
1338
2070
1707
1370
2166
2022
2250
557
640
1377
1362
1175
515
634
2336
2068
2495
497
1355
989
689
2144
1107
1231
1140
1623
1698
2377
1312
1774
343
1318
1658
1462
2221
1453
1480
1829
2264
1011
858
582
1170
837
956
1848
2084
1644
1227
154
993
1384
200
40
585
2191
2246
2521
227
1069
1064
795
1103
1474
1508
2397
386
690
589
734
277
862
1917
162
24
855
1603
1437
276
1007
1669
464
1438
2311
1225
2088
1628
1176
2520
744
2248
2463
438
1602
1975
2009
1615
1267
1467
1877
119
2225
586
385
6
1382
871
2420
2413
887
2242
630
1003
986
1997
158
86
1721
108
1198
91
706
554
494
2269
2483
1075
2122
84
1545
56
1094
760
2260
1125
1976
1852
2290
442
1535
1737
741
1515
1889
567
1567
1120
2130
1660
2275
2479
1255
1442
1883
1049
1314
780
1978
1731
1846
1395
2476
446
1711
1688
2172
401
2046
2532
825
2075
1159
331
347
1068
1481
1568
377
1057
22
1305
2444
721
1657
14
2254
1646
1934
882
2010
170
418
2351
1588
643
1369
1987
2206
1379
241
1983
25
1162
1022
1434
514
2103
2214
1280
1169
1509
302
2234
344
860
1733
1819
1971
1349
1055
239
2043
209
1359
1746
1085
1461
1017
920
225
1589
2127
272
913
988
1777
1918
355
1680
1938
1419
2045
622
1560
840
928
1471
1417
499
114
1866
1715
2048
1026
1478
1528
1058
2025
1554
80
493
1757
1876
1293
2391
1564
1709
981
1751
818
181
748
942
951
476
601
822
2192
2372
371
1025
1073
2211
628
470
342
1029
1268
1804
614
2317
997
1363
550
2067
798
789
1821
1426
1296
1302
1157
1579
1145
1667
2342
651
790
663
77
450
1808
1371
587
120
1315
212
2077
1435
2297
70
188
324
1205
1173
168
709
1144
303
936
384
1611
130
1502
524
2442
1115
296
2356
2490
992
2058
1901
2153
2365
729
669
2434
1747
1171
372
265
1137
662
966
530
620
2159
2080
1556
1187
381
1778
1439
2176
979
47
1912
536
364
1640
2408
769
2498
490
571
2406
1542
1201
228
2069
2268
626
2326
510
2036
156
1008
1416
2329
1955
1785
399
1071
756
2379
1358
2455
2277
2181
1357
1465
1847
1931
688
1298
1547
1051
387
2174
545
1148
2090
2330
2347
1726
243
2240
1817
1532
229
16
63
484
2374
10
2162
1627
917
1839
1926
1217
311
984
1573
308
2345
1095
1063
199
266
2202
1288
2446
650
1750
1336
1936
2497
547
1984
2278
633
2281
204
1401
1397
2369
1034
713
2318
1154
423
1967
1380
2056
1797
2433
195
1056
667
1700
139
718
226
1333
269
1780
1521
159
1327
2137
2332
1027
1742
244
1485
1109
649
45
1002
1141
2035
1590
546
9
977
1351
816
829
2286
2178
1531
947
2092
1214
2284
2389
1019
1139
2215
648
2454
398
2349
704
55
1252
2097
1791
1249
1772
1835
1906
1948
5
1134
95
1541
1896
1965
1739
972
2338
1925
909
2371
1911
235
454
2141
2020